# Num Reqs, Num Nums, Min Time/Req (ms), Mean Time/Req (ms), Median Time/Req (ms), Max Time/Req (ms), Min Requests/Sec, Mean Requests/Sec, Median Requests/Sec, Max Requests/Sec, Num Failed Nodes
# actix-rust
100,444,1.073,1.250,1.175,1.626,614.980,817.658,850.850,931.630,0/0
100,1333,2.884,5.177,3.833,11.843,84.440,248.286,260.900,346.760,0/0
100,2222,6.089,7.991,8.508,8.684,115.150,127.398,117.530,164.240,0/0
500,88,0.742,1.724,0.998,2.956,338.280,810.406,1002.160,1347.900,0/0
500,266,1.026,1.740,1.349,2.980,335.600,676.412,741.500,974.770,0/0
500,444,0.872,1.877,1.455,3.102,322.390,712.424,687.500,1146.260,0/0
1000,44,0.858,1.291,0.874,2.437,410.400,915.386,1144.270,1165.610,0/0
1000,133,1.869,2.635,1.928,3.908,255.890,424.372,518.640,535.140,0/0
1000,222,0.425,1.304,1.746,1.863,536.760,1084.652,572.690,2351.800,0/0
1500,29,1.227,2.309,1.546,5.209,191.960,564.514,646.750,814.920,0/0
1500,88,1.636,1.904,1.743,2.513,397.940,537.900,573.700,611.320,0/0
1500,148,1.484,1.727,1.673,2.036,491.250,589.532,597.560,673.760,0/0
2500,17,1.437,1.563,1.499,1.881,531.550,646.090,667.050,695.840,0/2
2500,53,1.491,1.572,1.587,1.650,605.900,637.044,630.110,670.620,0/0
2500,88,1.504,1.902,1.596,3.203,312.250,570.116,626.430,664.910,0/0


# go-server
100,444,1.757,2.204,2.106,2.975,336.150,471.414,474.760,569.280,0/0
100,1333,4.475,7.952,4.574,13.096,76.360,163.052,218.620,223.440,0/0
100,2222,7.666,10.648,7.897,14.978,66.770,103.896,126.630,130.440,0/0
500,88,1.189,1.448,1.376,1.831,546.150,704.560,726.590,841.190,0/0
500,266,0.719,1.682,1.571,2.644,378.230,714.596,636.720,1390.430,0/0
500,444,1.501,2.078,1.679,2.867,348.740,516.542,595.610,666.410,0/0
1000,44,1.142,1.468,1.256,2.422,412.960,734.478,796.280,875.370,0/0
1000,133,0.864,1.636,1.655,2.193,456.000,686.598,604.190,1157.450,0/0
1000,222,1.856,1.961,1.995,2.041,490.000,510.600,501.370,538.660,0/0
1500,29,1.484,3.461,1.969,6.079,164.510,407.326,507.790,673.830,0/0
1500,88,0.592,2.516,1.417,7.736,129.270,787.552,705.710,1689.690,0/0
1500,148,0.599,1.469,2.004,2.049,487.960,927.318,499.070,1670.420,0/0
2500,17,1.343,5.339,1.914,18.064,55.360,428.074,522.440,744.640,0/0
2500,53,1.454,1.772,1.726,2.261,442.270,579.238,579.470,687.690,0/1
2500,88,0.645,1.945,1.744,3.714,269.250,705.498,573.350,1550.720,0/1


# nodejs-express-javascript
100,444,7.370,11.227,9.040,16.176,61.820,101.092,110.620,135.690,0/0
100,1333,9.756,17.849,17.409,25.499,39.220,65.686,57.440,102.500,0/0
100,2222,12.207,27.297,20.389,43.528,22.970,45.612,49.050,81.920,0/0
500,88,6.696,12.323,7.652,19.956,50.110,103.044,130.680,149.340,0/0
500,266,4.325,12.297,9.784,20.344,49.150,114.416,102.210,231.240,0/0
500,444,9.526,11.416,11.468,13.750,72.730,88.830,87.200,104.980,0/0
1000,44,6.940,7.951,7.867,9.655,103.570,127.674,127.110,144.090,0/1
1000,133,5.027,10.282,9.318,14.955,66.870,115.004,107.320,198.930,0/3
1000,222,9.739,14.427,14.986,18.607,53.740,72.540,66.730,102.680,0/2
1500,29,9.171,10.269,10.510,10.872,91.980,97.738,95.150,109.030,0/2
1500,88,7.289,9.849,9.318,12.456,80.280,105.242,107.320,137.200,0/3
1500,148,10.754,13.747,11.162,22.157,45.130,78.396,89.590,92.990,0/1
2500,17,5.601,8.283,8.857,9.364,106.800,125.134,112.910,178.540,0/2
2500,53,4.634,8.483,8.088,11.809,84.680,133.256,123.640,215.800,0/5
2500,88,5.900,7.765,6.776,12.543,79.720,139.180,147.580,169.500,0/1


# nodejs-javascript
100,444,6.598,10.909,8.716,15.763,63.440,103.470,114.730,151.550,0/0
100,1333,5.148,17.607,17.115,35.886,27.870,83.946,58.430,194.230,0/0
100,2222,6.955,20.755,21.633,37.182,26.890,66.076,46.220,143.790,0/0
500,88,7.528,8.526,7.929,9.750,102.570,118.682,126.120,132.830,0/0
500,266,7.484,10.257,10.056,15.276,65.460,104.076,99.440,133.610,0/0
500,444,9.929,17.007,13.224,24.712,40.470,66.840,75.620,100.720,0/0
1000,44,6.754,7.165,7.040,8.079,123.770,140.130,142.040,148.070,0/1
1000,133,2.720,7.408,7.992,10.728,93.210,168.680,125.130,367.700,0/0
1000,222,9.296,10.568,10.505,11.685,85.580,95.422,95.190,107.580,0/1
1500,29,7.828,9.370,9.648,10.540,94.870,108.140,103.650,127.740,0/3
1500,88,4.039,5.944,6.297,6.613,151.220,174.180,158.790,247.610,0/0
1500,148,6.631,8.599,7.384,11.324,88.310,122.048,135.420,150.800,0/0
2500,17,5.001,6.840,6.134,11.011,90.820,158.424,163.010,199.970,0/1
2500,53,5.814,8.542,6.137,12.496,80.030,133.012,162.950,172.000,0/1
2500,88,6.346,8.913,6.950,16.396,60.990,126.804,143.890,157.590,0/2


# ktor-kotlin
100,444,11.049,20.579,20.361,26.338,37.970,53.532,49.110,90.510,0/0
100,1333,21.382,37.817,35.710,50.062,19.980,28.936,28.000,46.770,0/0
100,2222,38.256,57.484,50.649,76.146,13.130,18.598,19.740,26.140,0/0
500,88,7.862,11.470,12.544,13.142,76.090,90.372,79.720,127.200,0/0
500,266,13.121,16.997,17.244,19.126,52.290,59.858,57.990,76.210,0/0
500,444,16.670,20.579,20.676,24.179,41.360,49.282,48.360,59.990,0/0
1000,44,7.014,8.976,9.188,9.805,101.990,113.126,108.840,142.570,0/0
1000,133,11.316,11.786,11.748,12.265,81.530,84.904,85.120,88.370,0/0
1000,222,12.555,13.535,13.502,14.604,68.470,74.196,74.060,79.650,0/0
1500,29,7.903,7.987,7.920,8.204,121.900,125.238,126.270,126.540,0/0
1500,88,8.462,9.242,9.575,10.029,99.710,108.698,104.440,118.180,0/0
1500,148,10.965,11.360,11.179,11.857,84.340,88.120,89.450,91.200,0/0
2500,17,7.158,9.275,7.231,12.429,80.460,115.754,138.290,139.700,0/0
2500,53,6.957,7.774,7.714,8.251,121.200,129.134,129.630,143.750,0/0
2500,88,8.417,10.864,9.168,18.415,54.300,100.128,109.070,118.810,0/0


# micronaut-kotlin
100,444,24.203,29.619,29.933,37.080,26.970,34.450,33.410,41.320,0/0
100,1333,60.024,68.406,70.020,72.663,13.760,14.690,14.280,16.660,0/0
100,2222,103.918,107.848,106.814,110.927,9.010,9.276,9.360,9.620,0/0
500,88,14.502,18.207,16.695,24.855,40.230,57.004,59.900,68.960,0/0
500,266,21.232,25.017,21.543,38.006,26.310,42.052,46.420,47.100,0/0
500,444,26.701,30.085,28.278,38.959,25.670,33.858,35.360,37.450,0/0
1000,44,14.036,15.468,14.756,18.724,53.410,65.322,67.770,71.250,0/3
1000,133,17.398,22.978,17.900,31.138,32.120,47.006,55.860,57.480,0/5
1000,222,20.811,22.876,21.101,28.491,35.100,44.483,47.390,48.050,1/1
1500,29,12.545,16.016,15.338,21.375,46.780,64.296,65.200,79.710,0/3
1500,88,14.956,20.956,21.325,23.914,41.820,49.094,46.890,66.860,0/3
1500,148,18.747,22.455,20.720,31.214,32.040,45.964,48.260,53.340,0/2
2500,17,9.594,11.747,12.325,12.744,78.470,86.240,81.130,104.230,1/3
2500,53,10.717,12.897,11.489,17.893,55.890,80.945,87.290,93.310,1/3
2500,88,12.508,14.361,12.872,19.194,52.100,71.885,77.745,79.950,1/4*


# ratpack-kotlin
100,444,6.169,16.861,18.167,25.139,39.780,77.744,55.050,162.090,0/0
100,1333,17.061,36.321,37.344,56.142,17.810,33.052,26.780,58.610,0/0
100,2222,24.499,61.041,65.532,94.404,10.590,20.510,15.260,40.820,0/0
500,88,8.526,12.344,11.615,20.021,49.950,88.500,86.100,117.290,0/0
500,266,10.329,14.684,11.516,20.147,49.640,74.232,86.840,96.820,0/1
500,444,12.761,18.637,18.724,22.039,45.370,55.788,53.410,78.360,0/0
1000,44,8.948,9.773,9.459,11.508,86.890,103.108,105.720,111.760,0/0
1000,133,11.473,12.662,11.841,14.560,68.680,79.666,84.450,87.160,0/1
1000,222,14.128,14.604,14.308,16.015,62.440,68.626,69.890,70.780,0/1
1500,29,8.152,9.277,8.414,11.273,88.710,109.592,118.850,122.670,0/1
1500,88,9.650,13.199,10.650,21.407,46.710,83.224,93.900,103.630,0/0
1500,148,11.463,11.707,11.750,11.885,84.140,85.430,85.110,87.230,0/1
2500,17,7.715,11.634,12.444,13.143,76.090,89.384,80.360,129.620,0/2
2500,53,8.489,11.219,12.307,12.498,80.010,91.134,81.250,117.800,0/2
2500,88,9.551,13.834,12.331,24.673,40.530,80.966,81.100,104.700,0/4


# vertx-kotlin
100,444,6.556,15.317,15.776,20.990,47.640,77.200,63.390,152.530,0/0
100,1333,12.546,34.233,33.997,47.324,21.130,36.822,29.410,79.710,0/0
100,2222,18.410,51.008,47.203,73.691,13.570,25.240,21.180,54.320,0/0
500,88,3.832,7.537,8.415,8.855,112.930,146.980,118.840,260.930,0/0
500,266,12.039,13.005,12.450,14.241,70.220,77.300,80.320,83.060,0/0
500,444,15.612,17.029,16.264,18.795,53.210,59.078,61.490,64.050,0/0
1000,44,5.455,5.894,5.949,6.295,158.850,170.286,168.080,183.330,0/0
1000,133,7.743,8.128,7.899,8.764,114.100,123.306,126.590,129.160,0/0
1000,222,9.419,10.249,10.280,10.934,91.450,97.800,97.270,106.170,0/0
1500,29,4.255,4.742,4.388,5.392,185.460,213.118,227.890,235.030,0/0
1500,88,4.368,5.978,6.372,6.914,144.630,172.292,156.950,228.920,0/0
1500,148,7.898,8.235,8.170,8.499,117.660,121.514,122.390,126.610,0/0
2500,17,3.842,4.300,4.411,4.443,225.050,233.302,226.730,260.300,0/0
2500,53,5.292,5.524,5.317,6.382,156.700,182.026,188.080,188.950,0/0
2500,88,5.802,6.666,5.910,9.417,106.190,155.186,169.200,172.350,0/0


# phoenix_elixir
100,444,6.425,11.265,10.712,14.432,69.290,96.850,93.350,155.640,0/0
100,1333,28.394,35.961,35.759,40.187,24.880,28.258,27.970,35.220,0/0
100,2222,57.893,60.452,58.574,63.788,15.680,16.574,17.070,17.270,0/0
500,88,2.403,4.590,5.634,6.163,162.260,258.536,177.490,416.170,0/0
500,266,10.405,11.030,10.779,11.612,86.120,90.838,92.770,96.110,0/0
500,444,3.773,14.367,16.606,20.353,49.130,100.870,60.220,265.060,0/0
1000,44,6.597,7.086,7.256,7.322,136.580,141.352,137.820,151.580,0/0
1000,133,8.471,9.035,9.014,9.626,103.890,110.940,110.940,118.050,0/1
1000,222,8.602,10.030,9.855,12.594,79.400,101.352,101.470,116.250,0/2
1500,29,4.932,5.507,5.076,6.494,153.990,183.966,197.010,202.750,0/1
1500,88,5.689,6.807,7.007,7.307,136.850,148.088,142.710,175.770,0/1
1500,148,7.252,8.851,9.186,9.419,106.170,114.074,108.860,137.890,0/2
2500,17,4.113,4.536,4.402,4.948,202.100,221.584,227.140,243.130,0/0
2500,53,5.161,5.999,5.630,8.057,124.120,171.070,177.630,193.770,0/1
2500,88,5.939,7.134,6.348,8.553,116.920,143.680,157.520,168.380,0/2


# trot_elixir
100,444,4.512,9.878,7.618,15.572,64.220,125.500,131.260,221.640,0/0
100,1333,21.303,27.345,26.884,33.622,29.740,38.114,37.200,46.940,0/0
100,2222,42.004,51.155,53.274,53.646,18.640,19.730,18.770,23.810,0/0
500,88,1.280,3.044,3.386,4.470,223.700,420.856,295.340,781.320,0/0
500,266,1.727,7.040,7.329,10.991,90.980,215.152,136.450,579.120,0/0
500,444,2.751,9.686,10.568,16.974,58.920,148.800,94.630,363.520,0/0
1000,44,1.072,2.634,2.819,3.538,282.650,457.646,354.680,932.910,0/0
1000,133,4.942,6.259,6.597,7.227,138.370,163.442,151.570,202.350,0/0
1000,222,8.702,8.889,8.831,9.095,109.950,112.542,113.240,114.920,0/0
1500,29,3.428,3.485,3.488,3.565,280.520,286.986,286.730,291.700,0/0
1500,88,5.225,5.520,5.390,6.135,162.990,181.766,185.540,191.390,0/0
1500,148,5.638,6.895,6.452,8.230,121.510,148.568,154.990,177.370,0/2
2500,17,3.284,3.527,3.515,3.782,264.410,284.496,284.510,304.500,0/0
2500,53,3.792,4.145,4.069,4.580,218.350,242.714,245.750,263.710,0/1
2500,88,4.754,5.194,5.201,5.838,171.280,193.448,192.260,210.340,0/0


# flask+uwsgi-python3
100,444,2.279,11.454,5.106,23.156,43.190,197.958,195.860,438.770,0/0
100,1333,4.051,13.861,16.350,17.522,57.070,98.790,61.160,246.860,0/0
100,2222,5.499,18.338,19.817,23.669,42.250,73.760,50.460,181.840,0/0
500,88,3.968,5.095,5.737,5.765,173.460,201.746,174.300,252.030,0/0
500,266,8.228,9.056,9.145,9.408,106.290,110.694,109.350,121.540,0/0
500,444,8.097,9.077,9.267,9.946,100.540,110.910,107.920,123.510,0/0
1000,44,8.265,8.668,8.795,8.936,111.910,115.482,113.700,120.990,0/0
1000,133,8.723,9.078,8.994,9.362,106.810,110.228,111.180,114.640,0/0
1000,222,10.708,12.939,13.494,13.536,73.880,77.956,74.110,93.390,0/0
1500,29,5.870,9.957,7.079,19.416,51.500,120.946,141.270,170.350,0/0
1500,88,24.041,26.691,27.337,27.416,36.480,37.568,36.580,41.600,0/0
1500,148,26.362,39.190,42.391,42.410,23.580,26.456,23.590,37.930,0/0
2500,17,27.023,27.048,27.026,27.103,36.900,36.972,37.000,37.010,0/0
2500,53,26.540,27.028,27.096,27.328,36.590,37.002,36.910,37.680,0/0
2500,88,26.806,28.304,26.829,31.244,32.010,35.480,37.270,37.300,0/0


# tornado-python3
100,444,3.244,11.524,11.150,16.590,60.280,122.932,89.680,308.270,0/0
100,1333,6.494,16.177,14.228,25.006,39.990,78.438,70.290,153.990,0/0
100,2222,7.606,24.141,25.648,34.481,29.000,55.376,38.990,131.470,0/0
500,88,3.011,9.248,9.080,17.146,58.320,151.444,110.130,332.160,0/0
500,266,9.461,11.564,10.233,17.866,55.970,91.376,97.720,105.690,0/0
500,444,10.214,13.150,12.578,17.932,55.770,78.614,79.500,97.910,0/0
1000,44,5.431,13.346,11.505,19.386,51.580,92.948,86.920,184.120,0/1
1000,133,6.761,14.700,11.513,34.266,29.180,91.340,86.860,147.920,0/2
1000,222,10.263,13.497,15.087,16.364,61.110,77.002,66.280,97.440,0/1
1500,29,10.583,12.484,13.238,13.737,72.790,80.978,75.540,94.490,0/1
1500,88,7.637,11.204,11.137,13.315,75.100,92.892,89.790,130.940,0/2
1500,148,11.184,15.917,16.954,19.096,52.370,65.626,58.980,89.410,0/2
2500,17,12.118,13.532,13.566,14.876,67.220,74.475,74.080,82.520,1/4
2500,53,13.279,23.291,26.366,36.472,27.420,50.270,37.930,75.310,0/5
2500,88,12.728,19.875,20.477,25.820,38.730,54.357,50.065,78.570,1/3


# cowboy-erlang
100,444,9.664,15.021,16.523,19.606,51.000,73.310,60.520,103.480,0/0
100,1333,47.714,60.483,56.598,70.934,14.100,16.922,17.670,20.960,0/5
100,2222,126.301,139.037,141.973,145.062,6.890,7.208,7.040,7.920,0/0
500,88,4.704,5.703,5.046,8.797,113.670,185.290,198.170,212.590,0/0
500,266,10.004,11.671,12.008,12.335,81.070,86.186,83.280,99.960,0/0
500,444,13.026,21.832,20.292,37.213,26.870,52.062,49.280,76.770,0/1
1000,44,3.593,4.524,4.560,5.365,186.380,226.272,219.290,278.330,0/0
1000,133,6.160,7.271,7.319,8.356,119.670,140.082,136.630,162.330,0/1
1000,222,11.972,14.270,15.085,15.442,64.760,70.756,66.290,83.530,0/1
1500,29,4.751,5.531,5.592,6.128,163.190,182.020,178.820,210.490,0/3
1500,88,6.466,7.138,6.679,8.116,123.210,141.476,149.720,154.640,0/0
1500,148,6.563,9.100,8.704,11.758,85.050,115.032,114.890,152.370,0/0
2500,17,4.891,6.895,7.148,8.393,119.150,152.817,143.840,204.440,1/1
2500,53,4.938,6.388,6.422,7.458,134.080,160.256,155.720,202.520,0/3
2500,88,5.283,6.105,6.329,6.589,151.760,164.830,158.000,189.290,0/2


