# Num Reqs, Num Nums, Min Time/Req (ms), Mean Time/Req (ms), Median Time/Req (ms), Max Time/Req (ms), Min Requests/Sec, Mean Requests/Sec, Median Requests/Sec, Max Requests/Sec, Num Serviced Requests
# actix-rust
100,444,0.501,1.139,1.050,21.125,47.337,877.638,952.381,1996.008,500
100,1333,1.476,2.750,2.748,16.123,62.023,363.612,363.835,677.507,500
100,2222,2.456,3.986,2.871,15.822,63.203,250.897,348.311,407.166,500
500,88,0.111,0.236,0.239,15.301,65.355,4245.837,4184.100,9009.009,2500
500,266,0.307,0.545,0.448,27.321,36.602,1835.745,2234.637,3257.329,2500
500,444,0.504,0.832,0.728,7.433,134.535,1202.580,1372.684,1984.127,2500
1000,44,0.062,0.097,0.076,8.098,123.487,10328.999,13157.895,16129.032,5000
1000,133,0.164,0.251,0.189,4.687,213.356,3985.928,5291.005,6097.561,5000
1000,222,0.262,0.493,0.529,19.698,50.767,2029.188,1890.359,3816.794,5000
1500,29,0.044,0.100,0.094,3.552,281.532,9970.037,10638.298,22727.273,7500
1500,88,0.110,0.208,0.162,10.613,94.224,4818.159,6172.840,9090.909,7500
1500,148,0.179,0.265,0.205,12.679,78.871,3778.433,4878.049,5586.592,7500
2500,17,0.029,0.060,0.046,51.520,19.410,16613.084,21739.130,34482.759,12500
2500,53,0.074,0.113,0.085,4.742,210.881,8862.992,11764.706,13513.514,12500
2500,88,0.111,0.210,0.174,12.078,82.795,4766.353,5747.126,9009.009,12500


# go-server
100,444,1.239,7.891,2.724,88.879,11.251,126.728,367.107,807.103,500
100,1333,3.392,36.065,9.244,183.667,5.445,27.728,108.178,294.811,500
100,2222,5.998,115.471,94.133,501.719,1.993,8.660,10.623,166.722,500
500,88,0.222,1.077,0.263,35.131,28.465,928.896,3802.281,4504.505,2500
500,266,0.684,4.408,1.046,100.522,9.948,226.873,955.566,1461.988,2500
500,444,1.166,6.892,1.554,160.912,6.215,145.103,643.294,857.633,2500
1000,44,0.118,0.320,0.133,44.743,22.350,3124.980,7518.797,8474.576,5000
1000,133,0.327,2.976,0.379,120.293,8.313,335.982,2638.522,3058.104,5000
1000,222,0.553,10.080,0.623,308.591,3.241,99.208,1605.136,1808.318,5000
1500,29,0.083,0.191,0.099,149.415,6.693,5248.381,10101.010,12048.193,7500
1500,88,0.221,0.431,0.249,23.603,42.367,2320.784,4016.064,4524.887,7500
1500,148,0.362,1.010,0.415,86.560,11.553,989.832,2409.639,2762.431,7500
2500,17,0.054,0.104,0.061,33.361,29.975,9631.625,16393.443,18518.519,12500
2500,53,0.139,2.364,0.164,125.459,7.971,422.988,6097.561,7194.245,12500
2500,88,0.221,7.448,0.258,219.956,4.546,134.271,3875.969,4524.887,12500


# nodejs-express-javascript
100,444,1.090,1.342,1.202,12.263,81.546,745.163,832.293,917.431,500
100,1333,2.713,3.170,2.883,9.741,102.659,315.429,346.921,368.596,500
100,2222,4.242,5.044,4.531,13.153,76.028,198.271,220.702,235.738,500
500,88,0.451,0.568,0.522,13.152,76.034,1761.684,1915.709,2217.295,2500
500,266,0.759,0.979,0.884,17.521,57.074,1021.794,1131.222,1317.523,2500
500,444,1.061,1.252,1.124,20.670,48.379,798.617,889.680,942.507,2500
1000,44,0.265,0.437,0.401,23.294,42.930,2287.377,2493.766,3773.585,5000
1000,133,0.451,0.656,0.585,18.724,53.407,1525.231,1709.402,2217.295,5000
1000,222,0.611,0.808,0.734,15.616,64.037,1237.431,1362.398,1636.661,5000
1500,29,0.220,0.364,0.289,26.074,38.352,2749.388,3460.208,4545.455,7500
1500,88,0.331,0.485,0.450,22.796,43.867,2061.681,2222.222,3021.148,7500
1500,148,0.472,0.652,0.571,31.415,31.832,1532.797,1751.313,2118.644,7500
2500,17,0.210,0.314,0.249,43.012,23.249,3181.657,4016.064,4761.905,12500
2500,53,0.273,0.363,0.318,26.802,37.311,2754.884,3144.654,3663.004,12050
2500,88,0.334,0.453,0.393,27.789,35.985,2205.619,2544.529,2994.012,12500


# nodejs-javascript
100,444,1.175,1.495,1.254,12.303,81.281,669.080,797.448,851.064,500
100,1333,2.637,3.261,2.888,11.410,87.642,306.643,346.320,379.219,500
100,2222,4.113,4.814,4.373,35.767,27.959,207.742,228.676,243.132,500
500,88,0.418,0.591,0.531,5.964,167.673,1690.624,1883.239,2392.344,2500
500,266,0.734,0.910,0.823,12.010,83.264,1098.422,1215.067,1362.398,2500
500,444,1.046,1.266,1.134,19.701,50.759,790.141,881.834,956.023,2500
1000,44,0.281,0.436,0.377,9.511,105.141,2295.559,2652.520,3558.719,5000
1000,133,0.444,0.683,0.634,13.012,76.852,1463.737,1577.287,2252.252,5000
1000,222,0.587,0.749,0.696,7.014,142.572,1335.354,1436.782,1703.578,5000
1500,29,0.235,0.383,0.334,17.712,56.459,2612.149,2994.012,4255.319,7500
1500,88,0.318,0.478,0.431,12.730,78.555,2090.635,2320.186,3144.654,7500
1500,148,0.440,0.620,0.553,15.415,64.872,1613.903,1808.318,2272.727,7500
2500,17,0.185,0.306,0.257,25.371,39.415,3271.827,3891.051,5405.405,12500
2500,53,0.259,0.382,0.342,26.788,37.330,2615.814,2923.977,3861.004,12500
2500,88,0.316,0.450,0.396,19.715,50.723,2220.563,2525.253,3164.557,12500


# ktor-kotlin
100,444,7.567,13.614,9.986,66.248,15.095,73.456,100.135,132.153,500
100,1333,21.083,34.349,32.246,136.217,7.341,29.113,31.011,47.432,500
100,2222,35.507,57.934,51.890,193.888,5.158,17.261,19.272,28.163,500
500,88,1.473,4.202,2.471,64.655,15.467,238.004,404.694,678.887,2500
500,266,4.465,11.436,6.034,75.439,13.256,87.441,165.741,223.964,2500
500,444,6.927,15.555,9.454,151.586,6.597,64.286,105.781,144.363,2500
1000,44,0.822,2.752,1.413,432.017,2.315,363.403,707.714,1216.545,5000
1000,133,2.194,5.198,3.378,86.111,11.613,192.371,295.989,455.789,5000
1000,222,3.635,7.332,5.248,74.135,13.489,136.389,190.531,275.103,5000
1500,29,0.587,2.010,0.969,471.142,2.123,497.440,1031.992,1703.578,7500
1500,88,1.497,3.741,2.463,86.222,11.598,267.344,406.009,668.003,7500
1500,148,2.458,4.868,3.760,47.420,21.088,205.426,265.957,406.835,7500
2500,17,0.398,1.155,0.717,466.438,2.144,866.146,1394.700,2512.563,12500
2500,53,0.951,2.494,1.369,489.901,2.041,400.896,730.727,1051.525,12500
2500,88,1.500,3.414,2.472,56.796,17.607,292.894,404.531,666.667,11049


# micronaut-kotlin
100,444,7.160,38.670,10.352,441.575,2.265,25.860,96.600,139.665,500
100,1333,21.150,114.836,74.825,1259.109,0.794,8.708,13.365,47.281,500
100,2222,35.291,593.584,288.872,2920.568,0.342,1.685,3.462,28.336,500
500,88,1.591,5.833,1.956,280.240,3.568,171.446,511.247,628.536,2500
500,266,4.262,14.047,4.881,350.948,2.849,71.188,204.876,234.632,2500
500,444,7.141,44.752,27.612,577.787,1.731,22.345,36.215,140.036,2500
1000,44,0.834,2.617,1.229,342.058,2.923,382.131,813.670,1199.041,5000
1000,133,2.157,6.280,2.610,446.874,2.238,159.241,383.142,463.607,5000
1000,222,3.636,13.174,4.540,310.499,3.221,75.908,220.264,275.028,4966
1500,29,0.529,1.811,0.918,318.358,3.141,552.160,1089.325,1890.359,6331
1500,88,1.473,4.283,1.922,421.161,2.374,233.493,520.291,678.887,7496
1500,148,2.479,7.766,3.071,308.214,3.244,128.765,325.680,403.388,7500
2500,17,0.333,0.952,0.593,106.950,9.350,1050.067,1686.341,3003.003,11221
2500,53,0.876,2.338,1.229,724.197,1.381,427.749,813.670,1141.553,11471
2500,88,1.429,4.031,1.872,488.647,2.046,248.075,534.188,699.790,10173


# ratpack-kotlin
100,444,7.136,16.222,9.297,80.227,12.465,61.644,107.562,140.135,500
100,1333,20.721,65.902,58.139,235.192,4.252,15.174,17.200,48.260,500
100,2222,35.635,273.318,250.096,702.646,1.423,3.659,3.998,28.062,500
500,88,1.418,2.860,2.045,117.272,8.527,349.668,488.878,705.219,2500
500,266,4.076,9.617,5.137,182.770,5.471,103.988,194.647,245.339,2500
500,444,6.871,17.897,9.145,226.826,4.409,55.875,109.355,145.539,2500
1000,44,0.754,1.607,1.097,250.885,3.986,622.436,911.577,1326.260,5000
1000,133,2.062,4.202,2.792,171.034,5.847,237.963,358.102,484.966,5000
1000,222,3.410,9.147,4.457,214.185,4.669,109.321,224.391,293.255,5000
1500,29,0.519,1.142,0.791,32.006,31.244,875.319,1264.223,1926.782,7500
1500,88,1.426,3.031,1.934,177.768,5.625,329.871,517.063,701.262,7500
1500,148,2.284,4.779,3.046,177.723,5.627,209.238,328.299,437.828,7239
2500,17,0.334,0.851,0.550,399.768,2.501,1174.427,1818.182,2994.012,11897
2500,53,0.872,1.834,1.141,345.827,2.892,545.136,876.424,1146.789,12418
2500,88,1.408,3.047,1.813,245.415,4.075,328.161,551.572,710.227,12500


# vertx-kotlin
100,444,7.694,14.971,9.398,80.491,12.424,66.797,106.406,129.971,500
100,1333,22.138,38.941,35.663,140.539,7.115,25.680,28.040,45.171,500
100,2222,36.658,66.348,57.950,162.650,6.148,15.072,17.256,27.279,500
500,88,1.501,3.334,2.290,55.480,18.025,299.910,436.681,666.223,2500
500,266,4.293,8.402,5.283,71.020,14.081,119.026,189.286,232.937,2500
500,444,7.042,12.531,8.402,77.624,12.883,79.803,119.012,142.005,2500
1000,44,0.802,1.904,1.229,88.104,11.350,525.323,813.670,1246.883,5000
1000,133,2.179,4.142,2.704,66.743,14.983,241.407,369.822,458.926,5000
1000,222,3.650,5.815,4.272,44.850,22.297,171.962,234.055,273.973,5000
1500,29,0.585,1.478,0.881,56.900,17.575,676.440,1134.430,1709.402,7500
1500,88,1.489,2.731,1.828,57.546,17.377,366.218,547.046,671.592,7500
1500,148,2.397,4.247,2.767,51.360,19.470,235.463,361.402,417.188,7500
2500,17,0.390,0.925,0.639,73.741,13.561,1080.596,1564.945,2564.103,12500
2500,53,0.954,1.849,1.230,113.419,8.817,540.820,813.008,1048.218,12500
2500,88,1.500,2.463,1.807,101.321,9.870,406.005,553.403,666.667,12500


# phoenix_elixir
100,444,7.513,74.504,43.398,268.049,3.731,13.422,23.042,133.103,500
100,1333,22.444,154.847,70.751,783.300,1.277,6.458,14.134,44.555,500
100,2222,37.228,1515.612,1286.543,4621.981,0.216,0.660,0.777,26.862,500
500,88,1.532,12.507,3.808,100.087,9.991,79.958,262.571,652.742,2500
500,266,4.499,86.041,19.175,501.333,1.995,11.622,52.150,222.272,2500
500,444,7.427,144.753,41.167,789.759,1.266,6.908,24.291,134.644,2500
1000,44,0.795,10.186,1.056,104.001,9.615,98.171,946.970,1257.862,5000
1000,133,2.318,25.498,6.008,215.742,4.635,39.218,166.445,431.406,5000
1000,222,3.758,13.030,9.526,103.035,9.705,76.745,104.970,266.099,5000
1500,29,0.555,11.947,5.838,188.895,5.294,83.703,171.306,1801.802,7500
1500,88,1.535,27.283,7.015,196.402,5.092,36.653,142.542,651.466,7500
1500,148,2.570,40.900,6.969,300.003,3.333,24.450,143.493,389.105,7500
2500,17,0.341,4.433,1.344,77.684,12.873,225.596,744.048,2932.551,12500
2500,53,0.958,3.825,1.807,47.636,20.993,261.428,553.403,1043.841,12500
2500,88,1.530,21.683,3.556,346.620,2.885,46.118,281.215,653.595,12500


# trot_elixir
100,444,7.919,61.168,48.050,234.532,4.264,16.348,20.811,126.279,500
100,1333,22.889,360.668,257.875,1262.895,0.792,2.773,3.878,43.689,500
100,2222,38.793,964.793,468.342,3925.185,0.255,1.036,2.135,25.778,500
500,88,1.550,5.379,1.921,80.135,12.479,185.894,520.427,645.161,2500
500,266,4.629,86.810,13.136,630.898,1.585,11.519,76.124,216.029,2500
500,444,7.827,62.391,17.512,385.979,2.591,16.028,57.104,127.763,2500
1000,44,0.803,0.986,0.915,12.399,80.652,1014.323,1092.896,1245.330,5000
1000,133,2.351,10.029,2.795,168.799,5.924,99.708,357.782,425.351,5000
1000,222,3.966,97.196,46.280,603.328,1.657,10.288,21.608,252.143,5000
1500,29,0.529,0.712,0.638,19.453,51.406,1403.847,1567.398,1890.359,7500
1500,88,1.545,14.410,11.089,154.111,6.489,69.396,90.179,647.249,7500
1500,148,2.609,25.168,14.287,147.865,6.763,39.733,69.996,383.289,7500
2500,17,0.294,0.455,0.410,3.914,255.493,2199.077,2439.024,3401.361,12500
2500,53,0.933,1.170,1.040,41.151,24.301,854.584,961.538,1071.811,12500
2500,88,1.579,12.735,2.416,178.628,5.598,78.521,413.907,633.312,12500


# flask+uwsgi-python3
100,444,2.930,4.403,3.416,24.665,40.543,227.117,292.740,341.297,475
100,1333,8.187,9.681,8.780,32.538,30.733,103.293,113.889,122.145,500
100,2222,13.191,15.352,13.751,47.499,21.053,65.137,72.722,75.809,450
500,88,0.878,1.259,1.087,21.423,46.679,794.309,919.963,1138.952,2048
500,266,1.871,2.368,2.058,24.242,41.251,422.356,486.027,534.474,2274
500,444,2.906,3.683,3.181,33.543,29.812,271.542,314.367,344.116,2026
1000,44,0.645,1.045,0.824,41.264,24.234,956.858,1213.592,1550.388,4525
1000,133,1.125,1.611,1.331,22.548,44.350,620.771,751.315,888.889,4026
1000,222,1.645,2.280,1.884,53.740,18.608,438.667,530.786,607.903,4425
1500,29,0.540,0.835,0.695,48.699,20.534,1197.273,1438.849,1851.852,6056
1500,88,0.866,1.213,1.051,41.531,24.078,824.203,951.475,1154.734,6772
1500,148,1.231,1.671,1.445,23.414,42.709,598.352,692.042,812.348,6004
2500,17,0.461,0.809,0.657,52.153,19.174,1235.454,1522.070,2169.197,9929
2500,53,0.676,1.021,0.853,29.809,33.547,979.243,1172.333,1479.290,10855
2500,88,0.876,1.266,1.064,31.204,32.047,789.690,939.850,1141.553,10400


# tornado-python3
100,444,2.606,3.076,2.808,17.300,57.803,325.063,356.189,383.730,500
100,1333,7.547,8.704,8.083,18.843,53.070,114.884,123.716,132.503,500
100,2222,12.443,13.630,13.123,29.941,33.399,73.370,76.199,80.366,500
500,88,0.662,0.821,0.787,11.893,84.083,1218.213,1270.648,1510.574,2500
500,266,1.670,1.925,1.860,7.735,129.282,519.549,537.634,598.802,2500
500,444,2.680,3.100,3.010,22.249,44.946,322.627,332.281,373.134,2500
1000,44,0.411,0.510,0.499,2.071,482.859,1961.930,2004.008,2433.090,5000
1000,133,0.916,1.113,1.072,27.326,36.595,898.476,932.836,1091.703,5000
1000,222,1.441,1.644,1.592,18.941,52.796,608.385,628.141,693.963,5000
1500,29,0.329,0.424,0.415,5.163,193.686,2359.946,2409.639,3039.514,7216
1500,88,0.644,0.813,0.789,11.658,85.778,1230.428,1267.427,1552.795,7500
1500,148,0.983,1.173,1.127,3.889,257.136,852.248,887.311,1017.294,7500
2500,17,0.257,0.347,0.346,9.526,104.976,2880.368,2890.173,3891.051,10674
2500,53,0.468,0.617,0.585,20.713,48.279,1622.018,1709.402,2136.752,11371
2500,88,0.650,0.855,0.821,6.178,161.865,1169.987,1218.027,1538.462,12158


# cowboy-erlang
100,444,12.688,38.523,28.367,343.647,2.910,25.958,35.253,78.815,500
100,1333,49.828,742.411,159.671,3517.940,0.284,1.347,6.263,20.069,500
100,2222,105.686,1858.100,1909.272,5991.848,0.167,0.538,0.524,9.462,487
500,88,2.110,11.617,5.576,52.959,18.883,86.081,179.324,473.934,2500
500,266,6.894,164.314,78.475,651.671,1.535,6.086,12.743,145.054,2500
500,444,12.418,394.254,304.692,1501.477,0.666,2.536,3.282,80.528,2500
1000,44,1.071,6.452,1.772,88.694,11.275,154.990,564.334,933.707,5000
1000,133,3.228,77.757,11.839,583.545,1.714,12.861,84.467,309.789,5000
1000,222,5.800,102.344,20.752,892.701,1.120,9.771,48.188,172.414,5000
1500,29,0.700,0.869,0.804,8.838,113.148,1150.142,1243.781,1428.571,6878
1500,88,2.084,30.145,2.678,463.958,2.155,33.173,373.413,479.846,7491
1500,148,3.636,100.347,11.397,743.254,1.345,9.965,87.742,275.028,7489
2500,17,0.425,0.556,0.506,11.066,90.367,1799.950,1976.285,2352.941,12500
2500,53,1.269,6.859,2.402,113.036,8.847,145.792,416.320,788.022,11720
2500,88,2.075,15.137,2.461,270.064,3.703,66.065,406.339,481.928,8074


